Starting Dynare (version 5.4).
Calling Dynare with arguments: none
Starting preprocessing of the model file ...
Substitution of endo lags >= 2: added 1 auxiliary variables and equations.
Found 16 equation(s).
Evaluating expressions...done
Computing static model derivatives (order 1).
Computing dynamic model derivatives (order 1).
Processing outputs ...
done
Preprocessing completed.


STEADY-STATE RESULTS:

y                		 1.48649
c                		 1.11695
i                		 0.339769
h                		 1.00742
k                		 3.39769
r                		 0.04
d                		 0.7442
A                		 1
tby              		 1.02023
tb               		 1.03022
ca               		 1
cay              		 1
la               		 5.60908
Uc               		 5.60908
Uh               		 5.62797

MODEL SUMMARY

  Number of variables:         16
  Number of stochastic shocks: 1
  Number of state variables:   5
  Number of jumpers:           3
  Number of static variables:  9


MATRIX OF COVARIANCE OF EXOGENOUS SHOCKS
Variables         eps
eps          1.000000

POLICY AND TRANSITION FUNCTIONS
                                   log(y)               log(c)               log(i)               log(h)             log(tby)             log(cay)
Constant                         0.396416             0.110602            -1.079491             0.007391             0.020026                    0
log(r(-1))                              0            -0.001122            -0.001886                    0             0.001274            -0.018751
log(d(-1))                              0            -0.029177            -0.049030                    0             0.033131             0.013105
log(A(-1))                       2.665935             3.239809            37.888506             1.832258            -8.482083            -8.428696
log(A(-2))                      -0.807290            -1.176264           -15.231633            -0.554839             3.574241             3.558074
log(k(-1))                       0.600774             0.506431            -3.996887             0.412903             1.121784             1.133815
eps                              0.024219             0.035288             0.456949             0.016645            -0.107227            -0.106742


THEORETICAL MOMENTS
VARIABLE         MEAN  STD. DEV.   VARIANCE
log(y)         0.3964     0.5662     0.3205
log(c)         0.1106     0.6225     0.3874
log(i)        -1.0795     0.7694     0.5920
log(h)         0.0074     0.3891     0.1514
log(tby)       0.0200     0.2088     0.0436
log(cay)       0.0000     0.1318     0.0174



MATRIX OF CORRELATIONS
Variables      log(y)    log(c)    log(i)    log(h)  log(tby)  log(cay)
log(y)         1.0000    0.9358    0.7424    1.0000   -0.0644    0.2182
log(c)         0.9358    1.0000    0.7091    0.9358   -0.3506    0.1611
log(i)         0.7424    0.7091    1.0000    0.7424   -0.4579   -0.4904
log(h)         1.0000    0.9358    0.7424    1.0000   -0.0644    0.2182
log(tby)      -0.0644   -0.3506   -0.4579   -0.0644    1.0000    0.6320
log(cay)       0.2182    0.1611   -0.4904    0.2182    0.6320    1.0000



COEFFICIENTS OF AUTOCORRELATION
Order            1       2       3       4       5
log(y)      0.9960  0.9861  0.9732  0.9589  0.9440
log(c)      0.9974  0.9917  0.9844  0.9763  0.9679
log(i)      0.7901  0.6653  0.5926  0.5498  0.5237
log(h)      0.9960  0.9861  0.9732  0.9589  0.9440
log(tby)    0.8157  0.7113  0.6541  0.6233  0.6069
log(cay)    0.5557  0.3044  0.1671  0.0939  0.0554
-----------------
-----------------
f at the beginning of new iteration,         2.5138494763
x =          0.0129
Predicted improvement:       48.153118125
lambda =          1; f =           93.7923868
lambda =    0.33333; f =           29.5882293
lambda =    0.11111; f =            8.1868434
lambda =   0.037037; f =            1.0530482
Norm of dx     2.1944

ih =

     1

----
Improvement on iteration 1 =        1.460801314
-----------------
-----------------
f at the beginning of new iteration,         1.0530481626
x =     0.094173403
Predicted improvement:        0.891724410
lambda =          1; f =            0.7304007
lambda =    0.33333; f =            0.4585652
lambda =    0.64439; f =            0.0961956
lambda =     1.2457; f =            1.1686492
lambda =     0.8388; f =            0.4429162
Norm of dx   0.040637

ih =

     1

----
Improvement on iteration 2 =        0.956852580
-----------------
-----------------
f at the beginning of new iteration,         0.0961955827
x =     0.067987356
Predicted improvement:        0.287310936
lambda =          1; f =            0.4784263
lambda =    0.33333; f =            0.0953450
lambda =    0.11111; f =            0.0323487
lambda =     0.2148; f =            0.0272320
Norm of dx   0.013093

ih =

     1

----
Improvement on iteration 3 =        0.068963534
-----------------
-----------------
f at the beginning of new iteration,         0.0272320492
x =     0.070799711
Predicted improvement:        0.030856908
lambda =          1; f =            0.0344818
lambda =    0.33333; f =            0.0066608
lambda =    0.64439; f =            0.0125360
Norm of dx  0.0014062

ih =

     1

bfgs update failed.
|dg| = 3.6664e-11|dx| = 0.00046873
dg'*dx = 1.7185e-14
|H*dg| = 1.38e-30
----
Improvement on iteration 4 =        0.020571272
-----------------
-----------------
f at the beginning of new iteration,         0.0066607772
x =     0.070330985
Predicted improvement:        0.030856908
lambda =          1; f =            0.0550530
lambda =    0.33333; f =            0.0139105
lambda =    0.11111; f =            0.0001963
lambda =     0.2148; f =            0.0065952
lambda =    0.14463; f =            0.0022651
Norm of dx  0.0014062

ih =

     1

----
Improvement on iteration 5 =        0.006464464
-----------------
-----------------
f at the beginning of new iteration,         0.0001963135
x =     0.070174743
Predicted improvement:        0.001075996
lambda =          1; f =            0.0027169
lambda =    0.33333; f =            0.0007748
lambda =    0.11111; f =            0.0001274
lambda =   0.037037; f =            0.0000884
lambda =   0.071599; f =            0.0000123
lambda =    0.13841; f =            0.0002069
lambda =     0.0932; f =            0.0000752
Norm of dx  6.638e-05

ih =

     1

----
Improvement on iteration 6 =        0.000184039
-----------------
-----------------
f at the beginning of new iteration,         0.0000122741
x =     0.070179496
Predicted improvement:        0.000000283
lambda =          1; f =            0.0000000
lambda =     1.9332; f =            0.0000115
lambda =     3.7372; f =            0.0000336
lambda =     2.5164; f =            0.0000186
lambda =     1.6944; f =            0.0000085
lambda =     2.1482; f =            0.0000141
lambda =     1.8631; f =            0.0000106
lambda =     2.0293; f =            0.0000126
lambda =     1.9279; f =            0.0000114
lambda =     1.9881; f =            0.0000121
lambda =     1.9518; f =            0.0000117
Norm of dx 2.7967e-07

ih =

     1

----
Improvement on iteration 7 =        0.000012274
warning: possible inaccuracy in H matrix
-----------------
-----------------
f at the beginning of new iteration,         0.0000000000
x =     0.070179216
Predicted improvement:        0.000000000
lambda =          1; f =            0.0000000
lambda =    0.33333; f =            0.0000000
lambda =    0.11111; f =            0.0000000
lambda =   0.037037; f =            0.0000000
lambda =   0.012346; f =            0.0000000
lambda =  0.0041152; f =            0.0000000
lambda =  0.0013717; f =            0.0000000
lambda = 0.00045725; f =            0.0000000
lambda = 0.00015242; f =            0.0000000
lambda = 5.0805e-05; f =            0.0000000
lambda = 1.6935e-05; f =            0.0000000
lambda =  5.645e-06; f =            0.0000000
lambda = 1.8817e-06; f =            0.0000000
lambda = 6.2723e-07; f =            0.0000000
lambda = 2.0908e-07; f =            0.0000000
lambda = 6.9692e-08; f =            0.0000000
lambda = 2.3231e-08; f =            0.0000000
lambda = 7.7435e-09; f =            0.0000000
lambda = 2.5812e-09; f =            0.0000000

lambda =

  -6.2723e-07

lambda = -6.2723e-07; f =            0.0000000
Norm of dx 1.0119e-17
ih = 1
----
Improvement on iteration 8 =        0.000000000
improvement < crit termination

MODEL SUMMARY

  Number of variables:         16
  Number of stochastic shocks: 1
  Number of state variables:   5
  Number of jumpers:           3
  Number of static variables:  9


MATRIX OF COVARIANCE OF EXOGENOUS SHOCKS
Variables         eps
eps          1.000000



THEORETICAL MOMENTS
VARIABLE          MEAN   STD. DEV.    VARIANCE
log(y)          0.3964      3.0800      9.4864
log(c)          0.1106      3.3863     11.4670
log(i)         -1.0795      4.1857     17.5202
log(h)          0.0074      2.1168      4.4810
log(k)          1.2231      3.0928      9.5654
log(r)         -3.2189      0.5890      0.3470
log(d)         -0.2954     42.6684   1820.5911
log(A)          0.0000      0.6584      0.4335
log(tby)        0.0200      1.1359      1.2902
log(tb)         0.0298      1.6850      2.8394
log(ca)         0.0000      1.0655      1.1352
log(cay)        0.0000      0.7168      0.5137
log(la)         1.7244      9.1565     83.8422
log(Uc)         1.7244      9.1565     83.8422
log(Uh)         1.7277      8.4851     71.9968



MATRIX OF CORRELATIONS
Variables      log(y)    log(c)    log(i)    log(h)    log(k)    log(r)    log(d)    log(A)  log(tby)   log(tb)   log(ca)  log(cay)   log(la)   log(Uc)   log(Uh)
log(y)         1.0000    0.9358    0.7424    1.0000    0.9977   -0.2011   -0.2011    0.9931   -0.0644   -0.0101    0.2182    0.2182   -0.7242   -0.7242   -0.6680
log(c)         0.9358    1.0000    0.7091    0.9358    0.9528   -0.5318   -0.5318    0.9006   -0.3506   -0.3004    0.1611    0.1611   -0.9208   -0.9208   -0.8874
log(i)         0.7424    0.7091    1.0000    0.7424    0.7696   -0.1253   -0.1253    0.7904   -0.4579   -0.4185   -0.4904   -0.4904   -0.5656   -0.5656   -0.5261
log(h)         1.0000    0.9358    0.7424    1.0000    0.9977   -0.2011   -0.2011    0.9931   -0.0644   -0.0101    0.2182    0.2182   -0.7242   -0.7242   -0.6680
log(k)         0.9977    0.9528    0.7696    0.9977    1.0000   -0.2498   -0.2498    0.9897   -0.1315   -0.0774    0.1724    0.1724   -0.7599   -0.7599   -0.7068
log(r)        -0.2011   -0.5318   -0.1253   -0.2011   -0.2498    1.0000    1.0000   -0.1123    0.7625    0.7531   -0.0168   -0.0168    0.8180    0.8180    0.8599
log(d)        -0.2011   -0.5318   -0.1253   -0.2011   -0.2498    1.0000    1.0000   -0.1123    0.7625    0.7531   -0.0168   -0.0168    0.8180    0.8180    0.8599
log(A)         0.9931    0.9006    0.7904    0.9931    0.9897   -0.1123   -0.1123    1.0000   -0.0444    0.0095    0.1449    0.1449   -0.6630   -0.6630   -0.6027
log(tby)      -0.0644   -0.3506   -0.4579   -0.0644   -0.1315    0.7625    0.7625   -0.0444    1.0000    0.9985    0.6320    0.6320    0.6147    0.6147    0.6561
log(tb)       -0.0101   -0.3004   -0.4185   -0.0101   -0.0774    0.7531    0.7531    0.0095    0.9985    1.0000    0.6451    0.6451    0.5766    0.5766    0.6211
log(ca)        0.2182    0.1611   -0.4904    0.2182    0.1724   -0.0168   -0.0168    0.1449    0.6320    0.6451    1.0000    1.0000   -0.0737   -0.0737   -0.0548
log(cay)       0.2182    0.1611   -0.4904    0.2182    0.1724   -0.0168   -0.0168    0.1449    0.6320    0.6451    1.0000    1.0000   -0.0737   -0.0737   -0.0548
log(la)       -0.7242   -0.9208   -0.5656   -0.7242   -0.7599    0.8180    0.8180   -0.6630    0.6147    0.5766   -0.0737   -0.0737    1.0000    1.0000    0.9969
log(Uc)       -0.7242   -0.9208   -0.5656   -0.7242   -0.7599    0.8180    0.8180   -0.6630    0.6147    0.5766   -0.0737   -0.0737    1.0000    1.0000    0.9969
log(Uh)       -0.6680   -0.8874   -0.5261   -0.6680   -0.7068    0.8599    0.8599   -0.6027    0.6561    0.6211   -0.0548   -0.0548    0.9969    0.9969    1.0000



COEFFICIENTS OF AUTOCORRELATION
Order            1       2       3       4       5
log(y)      0.9960  0.9861  0.9732  0.9589  0.9440
log(c)      0.9974  0.9917  0.9844  0.9763  0.9679
log(i)      0.7901  0.6653  0.5926  0.5498  0.5237
log(h)      0.9960  0.9861  0.9732  0.9589  0.9440
log(k)      0.9954  0.9857  0.9735  0.9600  0.9461
log(r)      0.9994  0.9982  0.9967  0.9950  0.9932
log(d)      0.9994  0.9982  0.9967  0.9950  0.9932
log(A)      0.9930  0.9801  0.9647  0.9485  0.9320
log(tby)    0.8157  0.7113  0.6541  0.6233  0.6069
log(tb)     0.8148  0.7096  0.6516  0.6201  0.6030
log(ca)     0.5557  0.3044  0.1671  0.0939  0.0554
log(cay)    0.5557  0.3044  0.1671  0.0939  0.0554
log(la)     0.9980  0.9959  0.9939  0.9918  0.9898
log(Uc)     0.9980  0.9959  0.9939  0.9918  0.9898
log(Uh)     0.9979  0.9963  0.9949  0.9935  0.9922
Total computing time : 0h00m03s
